Tarposition(deg)	position(deg)	Current(A)	Tarposition2(deg)	position2(deg)	Current2(A)
0 0 0 0 0 0
1.00000000 1434.52868652 0.00022282 0.00000000 0.00000000 0.00000000
2.00000000 1449.90991211 0.00802237 0.00000000 0.00000000 0.00000000
3.00000000 1475.45397949 0.01504365 0.00000000 0.00000000 0.00000000
4.00000000 1500.66833496 0.02311268 0.00000000 0.00000000 0.00000000
5.00000000 1524.61926270 0.03041206 0.00000000 0.00000000 0.00000000
6.00000000 1553.51428223 0.03839667 0.00000000 0.00000000 0.00000000
7.00000000 1586.63903809 0.04562286 0.00000000 0.00000000 0.00000000
8.00000000 1612.62255859 0.05035464 0.00000000 0.00000000 0.00000000
9.00000000 1637.50732422 0.05673612 0.00000000 0.00000000 0.00000000
10.00000000 1671.51086426 0.06526639 0.00000000 0.00000000 0.00000000
11.00000000 1697.49450684 0.07220326 0.00000000 0.00000000 0.00000000
12.00000000 1722.65405273 0.07923531 0.00000000 0.00000000 0.00000000
13.00000000 1752.42761230 0.08203655 0.00000000 0.00000000 0.00000000
14.00000000 1777.14770508 0.08684835 0.00000000 0.00000000 0.00000000
15.00000000 1788.57385254 0.09114075 0.00000000 0.00000000 0.00000000
16.00000000 1762.42553711 0.09564462 0.00000000 0.00000000 0.00000000
17.00000000 1736.60693359 0.09661912 0.00000000 0.00000000 0.00000000
18.00000000 1711.50231934 0.09577237 0.00000000 0.00000000 0.00000000
19.00000000 1685.90356445 0.09563567 0.00000000 0.00000000 0.00000000
20.00000000 1655.74511719 0.09524336 0.00000000 0.00000000 0.00000000
21.00000000 1628.27844238 0.09520901 0.00000000 0.00000000 0.00000000
22.00000000 1603.22888184 0.09610726 0.00000000 0.00000000 0.00000000
23.00000000 1576.31152344 0.09629527 0.00000000 0.00000000 0.00000000
24.00000000 1550.82238770 0.09814037 0.00000000 0.00000000 0.00000000
25.00000000 1525.82775879 0.09955927 0.00000000 0.00000000 0.00000000
26.00000000 1500.61340332 0.09967625 0.00000000 0.00000000 0.00000000
27.00000000 1476.27795410 0.09551025 0.00000000 0.00000000 0.00000000
28.00000000 1451.39318848 0.09462642 0.00000000 0.00000000 0.00000000
29.00000000 1426.89282227 0.09262301 0.00000000 0.00000000 0.00000000
30.00000000 1402.17297363 0.09162114 0.00000000 0.00000000 0.00000000
31.00000000 1376.46423340 0.09093199 0.00000000 0.00000000 0.00000000
32.00000000 1346.30566406 0.09238724 0.00000000 0.00000000 0.00000000
33.00000000 1318.78417969 0.09331986 0.00000000 0.00000000 0.00000000
34.00000000 1289.72436523 0.09104686 0.00000000 0.00000000 0.00000000
35.00000000 1263.46630859 0.08916348 0.00000000 0.00000000 0.00000000
36.00000000 1238.63647461 0.08740073 0.00000000 0.00000000 0.00000000
37.00000000 1207.81896973 0.08716214 0.00000000 0.00000000 0.00000000
38.00000000 1183.48339844 0.08835101 0.00000000 0.00000000 0.00000000
39.00000000 1151.73193359 0.05415310 0.00000000 0.00000000 0.00000000
40.00000000 1123.82580566 0.05350586 0.00000000 0.00000000 0.00000000
41.00000000 1099.27062988 0.05123154 0.00000000 0.00000000 0.00000000
42.00000000 1067.51928711 0.04923393 0.00000000 0.00000000 0.00000000
43.00000000 1046.47973633 0.05167761 0.00000000 0.00000000 0.00000000
44.00000000 1026.86853027 0.05043559 0.00000000 0.00000000 0.00000000
45.00000000 1003.57672119 0.05014917 0.00000000 0.00000000 0.00000000
46.00000000 985.88824463 0.04336326 0.00000000 0.00000000 0.00000000
47.00000000 967.59545898 0.03701793 0.00000000 0.00000000 0.00000000
48.00000000 956.22424316 0.03154700 0.00000000 0.00000000 0.00000000
49.00000000 945.62213135 0.02800518 0.00000000 0.00000000 0.00000000
50.00000000 937.05255127 0.02517178 0.00000000 0.00000000 0.00000000
51.00000000 928.20825195 0.02236304 0.00000000 0.00000000 0.00000000
52.00000000 922.27539062 0.01825080 0.00000000 0.00000000 0.00000000
53.00000000 917.33148193 0.01325428 0.00000000 0.00000000 0.00000000
54.00000000 914.09039307 0.01830459 0.00000000 0.00000000 0.00000000
55.00000000 911.23382568 0.02355938 0.00000000 0.00000000 0.00000000
56.00000000 910.19006348 0.01928191 0.00000000 0.00000000 0.00000000
57.00000000 910.19006348 0.01569324 0.00000000 0.00000000 0.00000000
58.00000000 911.23382568 0.01137537 0.00000000 0.00000000 0.00000000
59.00000000 913.76086426 0.00702050 0.00000000 0.00000000 0.00000000
60.00000000 916.45257568 0.00363829 0.00000000 0.00000000 0.00000000
61.00000000 920.90209961 0.00172577 0.00000000 0.00000000 0.00000000
62.00000000 924.85729980 0.00183182 0.00000000 0.00000000 0.00000000
63.00000000 929.63647461 0.00096650 0.00000000 0.00000000 0.00000000
64.00000000 936.72290039 0.00044399 0.00000000 0.00000000 0.00000000
65.00000000 942.43603516 0.00135571 0.00000000 0.00000000 0.00000000
66.00000000 948.80828857 0.00337144 0.00000000 0.00000000 0.00000000
67.00000000 958.09204102 0.00508834 0.00000000 0.00000000 0.00000000
68.00000000 966.71655273 0.00658233 0.00000000 0.00000000 0.00000000
69.00000000 975.06640625 0.00807005 0.00000000 0.00000000 0.00000000
70.00000000 983.41632080 0.00915576 0.00000000 0.00000000 0.00000000
71.00000000 992.04077148 0.01077530 0.00000000 0.00000000 0.00000000
72.00000000 1007.03753662 0.01159522 0.00000000 0.00000000 0.00000000
73.00000000 1016.59588623 0.01235758 0.00000000 0.00000000 0.00000000
74.00000000 1026.97839355 0.01330978 0.00000000 0.00000000 0.00000000
75.00000000 1037.08605957 0.01261221 0.00000000 0.00000000 0.00000000
76.00000000 1049.55603027 0.01237399 0.00000000 0.00000000 0.00000000
77.00000000 1060.87219238 0.01349001 0.00000000 0.00000000 0.00000000
78.00000000 1071.80395508 0.01269238 0.00000000 0.00000000 0.00000000
79.00000000 1088.55871582 0.01352859 0.00000000 0.00000000 0.00000000
80.00000000 1100.47912598 0.01382778 0.00000000 0.00000000 0.00000000
81.00000000 1115.31115723 0.01556684 0.00000000 0.00000000 0.00000000
82.00000000 1127.50634766 0.01472075 0.00000000 0.00000000 0.00000000
83.00000000 1139.37194824 0.01435964 0.00000000 0.00000000 0.00000000
84.00000000 1151.29235840 0.01506057 0.00000000 0.00000000 0.00000000
85.00000000 1165.68505859 0.01535832 0.00000000 0.00000000 0.00000000
86.00000000 1177.71545410 0.01496870 0.00000000 0.00000000 0.00000000
87.00000000 1190.45996094 0.01661019 0.00000000 0.00000000 0.00000000
88.00000000 1204.02844238 0.01575286 0.00000000 0.00000000 0.00000000
89.00000000 1217.15747070 0.01828406 0.00000000 0.00000000 0.00000000
90.00000000 1232.20922852 0.01943577 0.00000000 0.00000000 0.00000000
91.00000000 1245.39318848 0.02047485 0.00000000 0.00000000 0.00000000
92.00000000 1258.63220215 0.02132150 0.00000000 0.00000000 0.00000000
93.00000000 1273.13452148 0.02047513 0.00000000 0.00000000 0.00000000
94.00000000 1287.91149902 0.02171695 0.00000000 0.00000000 0.00000000
95.00000000 1302.74365234 0.02163775 0.00000000 0.00000000 0.00000000
96.00000000 1316.91650391 0.02238299 0.00000000 0.00000000 0.00000000
97.00000000 1332.79199219 0.02129108 0.00000000 0.00000000 0.00000000
98.00000000 1347.45922852 0.02253322 0.00000000 0.00000000 0.00000000
99.00000000 1362.23632812 0.02371403 0.00000000 0.00000000 0.00000000
100.00000000 1379.26574707 0.02166601 0.00000000 0.00000000 0.00000000
101.00000000 1397.39367676 0.02241161 0.00000000 0.00000000 0.00000000
102.00000000 1411.84130859 0.02305566 0.00000000 0.00000000 0.00000000
103.00000000 1432.82580566 0.02357524 0.00000000 0.00000000 0.00000000
104.00000000 1447.54797363 0.02329186 0.00000000 0.00000000 0.00000000
105.00000000 1463.20373535 0.02345844 0.00000000 0.00000000 0.00000000
106.00000000 1477.92590332 0.02255012 0.00000000 0.00000000 0.00000000
107.00000000 1492.15368652 0.02083019 0.00000000 0.00000000 0.00000000
108.00000000 1507.15063477 0.02162327 0.00000000 0.00000000 0.00000000
109.00000000 1523.08105469 0.02240785 0.00000000 0.00000000 0.00000000
110.00000000 1536.97924805 0.02233944 0.00000000 0.00000000 0.00000000
111.00000000 1552.30566406 0.02052583 0.00000000 0.00000000 0.00000000
112.00000000 1567.30261230 0.02076299 0.00000000 0.00000000 0.00000000
113.00000000 1583.01330566 0.02163367 0.00000000 0.00000000 0.00000000
114.00000000 1599.05395508 0.02013481 0.00000000 0.00000000 0.00000000
115.00000000 1615.69873047 0.01963737 0.00000000 0.00000000 0.00000000
116.00000000 1633.05773926 0.01900387 0.00000000 0.00000000 0.00000000
117.00000000 1648.76867676 0.01891382 0.00000000 0.00000000 0.00000000
118.00000000 1664.20483398 0.01938286 0.00000000 0.00000000 0.00000000
119.00000000 1679.20166016 0.01915273 0.00000000 0.00000000 0.00000000
120.00000000 1694.58300781 0.01970562 0.00000000 0.00000000 0.00000000
121.00000000 1714.30407715 0.01707508 0.00000000 0.00000000 0.00000000
122.00000000 1730.78405762 0.01859495 0.00000000 0.00000000 0.00000000
123.00000000 1747.37377930 0.01912583 0.00000000 0.00000000 0.00000000
124.00000000 1763.79907227 0.01985037 0.00000000 0.00000000 0.00000000
125.00000000 1779.07031250 0.01894388 0.00000000 0.00000000 0.00000000
126.00000000 1794.12219238 0.02024718 0.00000000 0.00000000 0.00000000
127.00000000 1790.38671875 0.01704249 0.00000000 0.00000000 0.00000000
128.00000000 1773.96166992 0.01367085 0.00000000 0.00000000 0.00000000
129.00000000 1757.86621094 0.01274243 0.00000000 0.00000000 0.00000000
130.00000000 1742.75952148 0.01478925 0.00000000 0.00000000 0.00000000
131.00000000 1721.00598145 0.01610573 0.00000000 0.00000000 0.00000000
132.00000000 1706.06396484 0.01481061 0.00000000 0.00000000 0.00000000
133.00000000 1688.86999512 0.01129327 0.00000000 0.00000000 0.00000000
134.00000000 1670.35729980 0.00945018 0.00000000 0.00000000 0.00000000
135.00000000 1655.30566406 0.00724166 0.00000000 0.00000000 0.00000000
136.00000000 1640.30883789 0.00819006 0.00000000 0.00000000 0.00000000
137.00000000 1620.69763184 0.00885112 0.00000000 0.00000000 0.00000000
138.00000000 1602.78942871 0.00708542 0.00000000 0.00000000 0.00000000
139.00000000 1586.36425781 0.00762700 0.00000000 0.00000000 0.00000000
140.00000000 1571.53234863 0.00887906 0.00000000 0.00000000 0.00000000
141.00000000 1553.95361328 0.01037976 0.00000000 0.00000000 0.00000000
142.00000000 1538.40759277 0.01049573 0.00000000 0.00000000 0.00000000
143.00000000 1523.46557617 0.01414266 0.00000000 0.00000000 0.00000000
144.00000000 1504.73339844 0.01447749 0.00000000 0.00000000 0.00000000
145.00000000 1489.79150391 0.01536880 0.00000000 0.00000000 0.00000000
146.00000000 1470.72973633 0.01443511 0.00000000 0.00000000 0.00000000
147.00000000 1456.00756836 0.01493655 0.00000000 0.00000000 0.00000000
148.00000000 1436.28662109 0.01604253 0.00000000 0.00000000 0.00000000
149.00000000 1421.17980957 0.01919846 0.00000000 0.00000000 0.00000000
150.00000000 1405.68859863 0.01772102 0.00000000 0.00000000 0.00000000
151.00000000 1390.14245605 0.01933747 0.00000000 0.00000000 0.00000000
152.00000000 1374.92590332 0.02017814 0.00000000 0.00000000 0.00000000
153.00000000 1358.83056641 0.01948672 0.00000000 0.00000000 0.00000000
154.00000000 1343.00976562 0.02050390 0.00000000 0.00000000 0.00000000
155.00000000 1315.32336426 0.01895857 0.00000000 0.00000000 0.00000000
156.00000000 1294.88806152 0.01544574 0.00000000 0.00000000 0.00000000
157.00000000 1280.44067383 0.01562718 0.00000000 0.00000000 0.00000000
158.00000000 1265.88342285 0.01643059 0.00000000 0.00000000 0.00000000
159.00000000 1251.05139160 0.01635960 0.00000000 0.00000000 0.00000000
160.00000000 1236.27429199 0.01778916 0.00000000 0.00000000 0.00000000
161.00000000 1217.37719727 0.01659863 0.00000000 0.00000000 0.00000000
162.00000000 1202.38049316 0.01803185 0.00000000 0.00000000 0.00000000
163.00000000 1187.49340820 0.01722960 0.00000000 0.00000000 0.00000000
164.00000000 1171.39807129 0.01724432 0.00000000 0.00000000 0.00000000
165.00000000 1156.29150391 0.01945485 0.00000000 0.00000000 0.00000000
166.00000000 1138.16345215 0.02089473 0.00000000 0.00000000 0.00000000
167.00000000 1123.11169434 0.01794029 0.00000000 0.00000000 0.00000000
168.00000000 1104.76391602 0.01781152 0.00000000 0.00000000 0.00000000
169.00000000 1089.71228027 0.01705232 0.00000000 0.00000000 0.00000000
170.00000000 1065.04711914 0.01810444 0.00000000 0.00000000 0.00000000
171.00000000 1050.27001953 0.01825192 0.00000000 0.00000000 0.00000000
172.00000000 1033.18579102 0.01784037 0.00000000 0.00000000 0.00000000
173.00000000 1012.14636230 0.01722377 0.00000000 0.00000000 0.00000000
174.00000000 996.87493896 0.01803984 0.00000000 0.00000000 0.00000000
175.00000000 981.43859863 0.01689618 0.00000000 0.00000000 0.00000000
176.00000000 963.85998535 0.01610374 0.00000000 0.00000000 0.00000000
177.00000000 947.87451172 0.01527403 0.00000000 0.00000000 0.00000000
178.00000000 933.15222168 0.01441979 0.00000000 0.00000000 0.00000000
179.00000000 918.70471191 0.01564515 0.00000000 0.00000000 0.00000000
180.00000000 899.86267090 0.01502970 0.00000000 0.00000000 0.00000000
181.00000000 884.04193115 0.01531946 0.00000000 0.00000000 0.00000000
182.00000000 868.55059814 0.01709390 0.00000000 0.00000000 0.00000000
183.00000000 850.53247070 0.01880337 0.00000000 0.00000000 0.00000000
184.00000000 835.37091064 0.01862158 0.00000000 0.00000000 0.00000000
185.00000000 817.13311768 0.01948692 0.00000000 0.00000000 0.00000000
186.00000000 801.42218018 0.01850897 0.00000000 0.00000000 0.00000000
187.00000000 786.80993652 0.01937804 0.00000000 0.00000000 0.00000000
188.00000000 771.31872559 0.01664639 0.00000000 0.00000000 0.00000000
189.00000000 756.54162598 0.01742364 0.00000000 0.00000000 0.00000000
190.00000000 741.48992920 0.01621592 0.00000000 0.00000000 0.00000000
191.00000000 726.43811035 0.01777849 0.00000000 0.00000000 0.00000000
192.00000000 710.89202881 0.01881576 0.00000000 0.00000000 0.00000000
193.00000000 695.45574951 0.01954671 0.00000000 0.00000000 0.00000000
194.00000000 678.81097412 0.02040839 0.00000000 0.00000000 0.00000000
195.00000000 663.48455811 0.02083643 0.00000000 0.00000000 0.00000000
196.00000000 648.15820312 0.02068198 0.00000000 0.00000000 0.00000000
197.00000000 632.72192383 0.02122075 0.00000000 0.00000000 0.00000000
198.00000000 617.28570557 0.02012475 0.00000000 0.00000000 0.00000000
199.00000000 627.39343262 0.00931480 0.00000000 0.00000000 0.00000000
200.00000000 652.49798584 0.00159197 0.00000000 0.00000000 0.00000000
201.00000000 678.92083740 0.00763729 0.00000000 0.00000000 0.00000000
202.00000000 703.31121826 0.01607145 0.00000000 0.00000000 0.00000000
203.00000000 728.58056641 0.02579015 0.00000000 0.00000000 0.00000000
204.00000000 756.54162598 0.03560680 0.00000000 0.00000000 0.00000000
205.00000000 780.87707520 0.04565110 0.00000000 0.00000000 0.00000000
206.00000000 805.65203857 0.05566829 0.00000000 0.00000000 0.00000000
207.00000000 833.55810547 0.06378160 0.00000000 0.00000000 0.00000000
208.00000000 859.15710449 0.07248628 0.00000000 0.00000000 0.00000000
209.00000000 883.38275146 0.07936382 0.00000000 0.00000000 0.00000000
210.00000000 914.63970947 0.08500946 0.00000000 0.00000000 0.00000000
211.00000000 938.92022705 0.08875541 0.00000000 0.00000000 0.00000000
212.00000000 968.30950928 0.09595804 0.00000000 0.00000000 0.00000000
213.00000000 1001.70910645 0.10093817 0.00000000 0.00000000 0.00000000
214.00000000 1025.93469238 0.10155375 0.00000000 0.00000000 0.00000000
215.00000000 1056.20275879 0.10207511 0.00000000 0.00000000 0.00000000
216.00000000 1085.75708008 0.12200999 0.00000000 0.00000000 0.00000000
217.00000000 1116.40991211 0.12196404 0.00000000 0.00000000 0.00000000
218.00000000 1137.83386230 0.12357530 0.00000000 0.00000000 0.00000000
219.00000000 1165.30041504 0.12152005 0.00000000 0.00000000 0.00000000
220.00000000 1192.71215820 0.11942657 0.00000000 0.00000000 0.00000000
221.00000000 1222.65087891 0.11597326 0.00000000 0.00000000 0.00000000
222.00000000 1247.64538574 0.11216784 0.00000000 0.00000000 0.00000000
223.00000000 1273.35437012 0.10890520 0.00000000 0.00000000 0.00000000
224.00000000 1300.76599121 0.10581380 0.00000000 0.00000000 0.00000000
225.00000000 1331.41870117 0.10551836 0.00000000 0.00000000 0.00000000
226.00000000 1357.01770020 0.10655425 0.00000000 0.00000000 0.00000000
227.00000000 1386.18737793 0.10473283 0.00000000 0.00000000 0.00000000
228.00000000 1412.33569336 0.10066844 0.00000000 0.00000000 0.00000000
229.00000000 1446.22937012 0.09839247 0.00000000 0.00000000 0.00000000
230.00000000 1472.76232910 0.09667401 0.00000000 0.00000000 0.00000000
231.00000000 1497.53723145 0.08835956 0.00000000 0.00000000 0.00000000
232.00000000 1526.15734863 0.08327920 0.00000000 0.00000000 0.00000000
233.00000000 1550.65771484 0.08300123 0.00000000 0.00000000 0.00000000
234.00000000 1576.42138672 0.08249237 0.00000000 0.00000000 0.00000000
235.00000000 1609.10681152 0.08080165 0.00000000 0.00000000 0.00000000
236.00000000 1635.36486816 0.08444247 0.00000000 0.00000000 0.00000000
237.00000000 1661.56811523 0.08639651 0.00000000 0.00000000 0.00000000
238.00000000 1686.50781250 0.08570400 0.00000000 0.00000000 0.00000000
239.00000000 1712.43615723 0.08357172 0.00000000 0.00000000 0.00000000
240.00000000 1741.38610840 0.08315454 0.00000000 0.00000000 0.00000000
241.00000000 1767.04003906 0.08237825 0.00000000 0.00000000 0.00000000
242.00000000 1793.18835449 0.08299878 0.00000000 0.00000000 0.00000000
243.00000000 1782.20166016 0.08447011 0.00000000 0.00000000 0.00000000
244.00000000 1774.67578125 0.08751764 0.00000000 0.00000000 0.00000000
245.00000000 1748.96667480 0.08967721 0.00000000 0.00000000 0.00000000
246.00000000 1721.72021484 0.09030021 0.00000000 0.00000000 0.00000000
247.00000000 1696.28588867 0.09019134 0.00000000 0.00000000 0.00000000
248.00000000 1669.58825684 0.09129944 0.00000000 0.00000000 0.00000000
249.00000000 1644.53869629 0.09092232 0.00000000 0.00000000 0.00000000
250.00000000 1626.41076660 0.09482995 0.00000000 0.00000000 0.00000000
251.00000000 1599.82299805 0.09477454 0.00000000 0.00000000 0.00000000
252.00000000 1573.72973633 0.09412512 0.00000000 0.00000000 0.00000000
253.00000000 1549.06457520 0.09599142 0.00000000 0.00000000 0.00000000
254.00000000 1524.34460449 0.09789108 0.00000000 0.00000000 0.00000000
255.00000000 1495.50463867 0.09673113 0.00000000 0.00000000 0.00000000
256.00000000 1469.19165039 0.09503365 0.00000000 0.00000000 0.00000000
257.00000000 1443.92224121 0.09193029 0.00000000 0.00000000 0.00000000
258.00000000 1418.59802246 0.09070004 0.00000000 0.00000000 0.00000000
259.00000000 1391.07641602 0.08809748 0.00000000 0.00000000 0.00000000
260.00000000 1364.65344238 0.08304434 0.00000000 0.00000000 0.00000000
261.00000000 1338.56018066 0.08673430 0.00000000 0.00000000 0.00000000
262.00000000 1305.38049316 0.08541964 0.00000000 0.00000000 0.00000000
263.00000000 1279.06738281 0.08211051 0.00000000 0.00000000 0.00000000
264.00000000 1245.66784668 0.08142085 0.00000000 0.00000000 0.00000000
265.00000000 1221.44226074 0.07989267 0.00000000 0.00000000 0.00000000
266.00000000 1196.44763184 0.07999858 0.00000000 0.00000000 0.00000000
267.00000000 1169.42041016 0.07867624 0.00000000 0.00000000 0.00000000
268.00000000 1143.54687500 0.07721324 0.00000000 0.00000000 0.00000000
269.00000000 1117.89294434 0.07597160 0.00000000 0.00000000 0.00000000
270.00000000 1092.78845215 0.07605691 0.00000000 0.00000000 0.00000000
271.00000000 1064.49780273 0.07714331 0.00000000 0.00000000 0.00000000
272.00000000 1037.25085449 0.08526123 0.00000000 0.00000000 0.00000000
273.00000000 1004.01623535 0.08650416 0.00000000 0.00000000 0.00000000
274.00000000 978.74688721 0.08812203 0.00000000 0.00000000 0.00000000
275.00000000 950.84069824 0.09162733 0.00000000 0.00000000 0.00000000
276.00000000 925.68127441 0.09418693 0.00000000 0.00000000 0.00000000
277.00000000 890.19439697 0.09411047 0.00000000 0.00000000 0.00000000
278.00000000 863.82641602 0.09636021 0.00000000 0.00000000 0.00000000
279.00000000 838.28234863 0.09710341 0.00000000 0.00000000 0.00000000
280.00000000 810.21148682 0.09589697 0.00000000 0.00000000 0.00000000
281.00000000 780.82214355 0.09683131 0.00000000 0.00000000 0.00000000
282.00000000 752.31176758 0.09720673 0.00000000 0.00000000 0.00000000
283.00000000 727.26220703 0.09802417 0.00000000 0.00000000 0.00000000
284.00000000 702.92669678 0.10119901 0.00000000 0.00000000 0.00000000
285.00000000 671.50488281 0.12246288 0.00000000 0.00000000 0.00000000
286.00000000 644.69744873 0.11924368 0.00000000 0.00000000 0.00000000
287.00000000 616.79125977 0.11761342 0.00000000 0.00000000 0.00000000
288.00000000 590.14862061 0.11542694 0.00000000 0.00000000 0.00000000
289.00000000 553.61798096 0.11377853 0.00000000 0.00000000 0.00000000
290.00000000 528.12890625 0.11236772 0.00000000 0.00000000 0.00000000
291.00000000 494.78436279 0.11193932 0.00000000 0.00000000 0.00000000
292.00000000 466.93319702 0.11573585 0.00000000 0.00000000 0.00000000
293.00000000 437.32415771 0.11712208 0.00000000 0.00000000 0.00000000
294.00000000 410.35186768 0.11452086 0.00000000 0.00000000 0.00000000
295.00000000 384.20361328 0.11357298 0.00000000 0.00000000 0.00000000
296.00000000 371.56893921 0.11172620 0.00000000 0.00000000 0.00000000
297.00000000 346.79403687 0.10798242 0.00000000 0.00000000 0.00000000
298.00000000 322.23883057 0.10657270 0.00000000 0.00000000 0.00000000
299.00000000 295.87084961 0.10344481 0.00000000 0.00000000 0.00000000
300.00000000 262.58126831 0.09603883 0.00000000 0.00000000 0.00000000
301.00000000 238.79512024 0.09018379 0.00000000 0.00000000 0.00000000
302.00000000 206.87886047 0.05324080 0.00000000 0.00000000 0.00000000
303.00000000 181.77435303 0.04980116 0.00000000 0.00000000 0.00000000
304.00000000 147.05650330 0.05064663 0.00000000 0.00000000 0.00000000
305.00000000 118.98556519 0.05174327 0.00000000 0.00000000 0.00000000
306.00000000 88.16796875 0.05135430 0.00000000 0.00000000 0.00000000
307.00000000 59.38291550 0.05346897 0.00000000 0.00000000 0.00000000
308.00000000 34.60799026 0.05472696 0.00000000 0.00000000 0.00000000
309.00000000 8.56959820 0.05675698 0.00000000 0.00000000 0.00000000
310.00000000 16.58986092 0.06045569 0.00000000 0.00000000 0.00000000
311.00000000 43.17758560 0.06312445 0.00000000 0.00000000 0.00000000
312.00000000 75.64317322 0.06594915 0.00000000 0.00000000 0.00000000
313.00000000 103.49436951 0.06771519 0.00000000 0.00000000 0.00000000
314.00000000 133.70770264 0.08951727 0.00000000 0.00000000 0.00000000
315.00000000 158.42768860 0.08936483 0.00000000 0.00000000 0.00000000
316.00000000 190.17913818 0.09150843 0.00000000 0.00000000 0.00000000
317.00000000 217.37113953 0.10375083 0.00000000 0.00000000 0.00000000
318.00000000 242.36579895 0.11676490 0.00000000 0.00000000 0.00000000
319.00000000 268.34924316 0.11854229 0.00000000 0.00000000 0.00000000
320.00000000 293.06924438 0.11913443 0.00000000 0.00000000 0.00000000
321.00000000 318.66818237 0.11687709 0.00000000 0.00000000 0.00000000
322.00000000 348.93643188 0.11438534 0.00000000 0.00000000 0.00000000
323.00000000 376.34814453 0.11235945 0.00000000 0.00000000 0.00000000
324.00000000 398.59616089 0.10755745 0.00000000 0.00000000 0.00000000
325.00000000 419.47079468 0.10696019 0.00000000 0.00000000 0.00000000
326.00000000 443.58654785 0.10162333 0.00000000 0.00000000 0.00000000
327.00000000 460.01162720 0.09602179 0.00000000 0.00000000 0.00000000
328.00000000 478.68890381 0.08939410 0.00000000 0.00000000 0.00000000
329.00000000 491.37854004 0.07758275 0.00000000 0.00000000 0.00000000
330.00000000 503.46383667 0.06692719 0.00000000 0.00000000 0.00000000
331.00000000 513.46173096 0.06124561 0.00000000 0.00000000 0.00000000
332.00000000 521.31719971 0.05543895 0.00000000 0.00000000 0.00000000
333.00000000 528.45855713 0.04972612 0.00000000 0.00000000 0.00000000
334.00000000 533.89697266 0.04341218 0.00000000 0.00000000 0.00000000
335.00000000 538.12677002 0.03706896 0.00000000 0.00000000 0.00000000
336.00000000 541.86224365 0.03215591 0.00000000 0.00000000 0.00000000
337.00000000 543.83984375 0.02731988 0.00000000 0.00000000 0.00000000
338.00000000 544.77374268 0.02232433 0.00000000 0.00000000 0.00000000
339.00000000 544.77374268 0.01773016 0.00000000 0.00000000 0.00000000
340.00000000 543.78491211 0.01284146 0.00000000 0.00000000 0.00000000
341.00000000 542.08197021 0.00827845 0.00000000 0.00000000 0.00000000
342.00000000 539.50012207 0.00548479 0.00000000 0.00000000 0.00000000
343.00000000 536.09423828 0.00346257 0.00000000 0.00000000 0.00000000
344.00000000 531.97424316 0.00167935 0.00000000 0.00000000 0.00000000
345.00000000 526.97534180 0.00000595 0.00000000 0.00000000 0.00000000
346.00000000 520.38330078 0.00172441 0.00000000 0.00000000 0.00000000
347.00000000 514.01104736 0.00294565 0.00000000 0.00000000 0.00000000
348.00000000 507.47396851 0.00473479 0.00000000 0.00000000 0.00000000
349.00000000 500.11294556 0.00617973 0.00000000 0.00000000 0.00000000
350.00000000 491.43347168 0.00776397 0.00000000 0.00000000 0.00000000
351.00000000 483.52304077 0.00866580 0.00000000 0.00000000 0.00000000
352.00000000 475.11825562 0.00973176 0.00000000 0.00000000 0.00000000
353.00000000 464.90063477 0.01050374 0.00000000 0.00000000 0.00000000
354.00000000 454.79293823 0.01028079 0.00000000 0.00000000 0.00000000
355.00000000 445.28945923 0.01105600 0.00000000 0.00000000 0.00000000
356.00000000 430.95190430 0.01181365 0.00000000 0.00000000 0.00000000
357.00000000 415.24093628 0.01184961 0.00000000 0.00000000 0.00000000
358.00000000 404.96841431 0.01256704 0.00000000 0.00000000 0.00000000
359.00000000 394.25643921 0.01154296 0.00000000 0.00000000 0.00000000
360.00000000 383.48947144 0.01268807 0.00000000 0.00000000 0.00000000
361.00000000 372.17318726 0.01261206 0.00000000 0.00000000 0.00000000
362.00000000 360.85696411 0.01178396 0.00000000 0.00000000 0.00000000
363.00000000 349.26602173 0.01274442 0.00000000 0.00000000 0.00000000
364.00000000 336.85107422 0.01381786 0.00000000 0.00000000 0.00000000
365.00000000 323.99670410 0.01490036 0.00000000 0.00000000 0.00000000
366.00000000 311.08737183 0.01628698 0.00000000 0.00000000 0.00000000
367.00000000 298.39779663 0.01774273 0.00000000 0.00000000 0.00000000
368.00000000 285.59832764 0.01901302 0.00000000 0.00000000 0.00000000
369.00000000 272.30444336 0.02001075 0.00000000 0.00000000 0.00000000
370.00000000 259.12045288 0.02174623 0.00000000 0.00000000 0.00000000
371.00000000 245.60684204 0.02214381 0.00000000 0.00000000 0.00000000
372.00000000 232.03834534 0.02222315 0.00000000 0.00000000 0.00000000
373.00000000 218.08526611 0.02160424 0.00000000 0.00000000 0.00000000
374.00000000 203.58287048 0.02303669 0.00000000 0.00000000 0.00000000
375.00000000 186.99302673 0.02399545 0.00000000 0.00000000 0.00000000
376.00000000 172.32582092 0.02389486 0.00000000 0.00000000 0.00000000
377.00000000 157.82341003 0.02365138 0.00000000 0.00000000 0.00000000
378.00000000 140.90396118 0.02273973 0.00000000 0.00000000 0.00000000
379.00000000 126.18182373 0.02292101 0.00000000 0.00000000 0.00000000
380.00000000 111.73436737 0.02251333 0.00000000 0.00000000 0.00000000
381.00000000 97.12210083 0.02263792 0.00000000 0.00000000 0.00000000
382.00000000 80.97171021 0.02086899 0.00000000 0.00000000 0.00000000
383.00000000 66.41438293 0.02071784 0.00000000 0.00000000 0.00000000
384.00000000 50.81332016 0.01965527 0.00000000 0.00000000 0.00000000
385.00000000 35.54185867 0.02007292 0.00000000 0.00000000 0.00000000
386.00000000 19.11679268 0.02081715 0.00000000 0.00000000 0.00000000
387.00000000 1.15359962 0.01891922 0.00000000 0.00000000 0.00000000
388.00000000 15.71092892 0.01971903 0.00000000 0.00000000 0.00000000
389.00000000 30.48799133 0.01892108 0.00000000 0.00000000 0.00000000
390.00000000 48.17652130 0.01830283 0.00000000 0.00000000 0.00000000
391.00000000 65.64531708 0.01868458 0.00000000 0.00000000 0.00000000
392.00000000 81.35623932 0.01769691 0.00000000 0.00000000 0.00000000
393.00000000 96.90236664 0.01838402 0.00000000 0.00000000 0.00000000
394.00000000 111.84423065 0.01767549 0.00000000 0.00000000 0.00000000
395.00000000 132.00476074 0.01648355 0.00000000 0.00000000 0.00000000
396.00000000 147.22128296 0.01782572 0.00000000 0.00000000 0.00000000
397.00000000 162.05326843 0.01598450 0.00000000 0.00000000 0.00000000
398.00000000 177.15994263 0.01713065 0.00000000 0.00000000 0.00000000
399.00000000 193.09060669 0.01614112 0.00000000 0.00000000 0.00000000
400.00000000 209.40580750 0.01496016 0.00000000 0.00000000 0.00000000
401.00000000 224.29273987 0.01639486 0.00000000 0.00000000 0.00000000
402.00000000 239.89379883 0.01390484 0.00000000 0.00000000 0.00000000
403.00000000 255.38499451 0.01502616 0.00000000 0.00000000 0.00000000
404.00000000 270.87619019 0.01470555 0.00000000 0.00000000 0.00000000
405.00000000 289.93804932 0.01562537 0.00000000 0.00000000 0.00000000
406.00000000 304.93484497 0.01551277 0.00000000 0.00000000 0.00000000
407.00000000 320.75564575 0.01595710 0.00000000 0.00000000 0.00000000
408.00000000 336.46655273 0.01724332 0.00000000 0.00000000 0.00000000
409.00000000 352.39724731 0.01845887 0.00000000 0.00000000 0.00000000
410.00000000 367.88845825 0.01893542 0.00000000 0.00000000 0.00000000
411.00000000 387.71936035 0.02033470 0.00000000 0.00000000 0.00000000
412.00000000 403.75988770 0.02099162 0.00000000 0.00000000 0.00000000
413.00000000 421.55831909 0.02166851 0.00000000 0.00000000 0.00000000
414.00000000 436.99450684 0.02057133 0.00000000 0.00000000 0.00000000
415.00000000 452.70550537 0.02227883 0.00000000 0.00000000 0.00000000
416.00000000 469.51504517 0.02328721 0.00000000 0.00000000 0.00000000
417.00000000 485.77529907 0.02460762 0.00000000 0.00000000 0.00000000
418.00000000 501.48626709 0.02396491 0.00000000 0.00000000 0.00000000
419.00000000 517.96624756 0.02364980 0.00000000 0.00000000 0.00000000
420.00000000 534.28149414 0.02423615 0.00000000 0.00000000 0.00000000
421.00000000 550.21209717 0.02596603 0.00000000 0.00000000 0.00000000
422.00000000 566.08782959 0.02662045 0.00000000 0.00000000 0.00000000
423.00000000 586.46813965 0.02541754 0.00000000 0.00000000 0.00000000
424.00000000 601.95928955 0.02613790 0.00000000 0.00000000 0.00000000
425.00000000 620.63659668 0.02558527 0.00000000 0.00000000 0.00000000
426.00000000 646.07080078 0.02463769 0.00000000 0.00000000 0.00000000
427.00000000 667.60461426 0.02212239 0.00000000 0.00000000 0.00000000
428.00000000 682.87603760 0.02242830 0.00000000 0.00000000 0.00000000
429.00000000 698.75183105 0.02171992 0.00000000 0.00000000 0.00000000
430.00000000 713.47387695 0.02256405 0.00000000 0.00000000 0.00000000
431.00000000 733.08508301 0.02092400 0.00000000 0.00000000 0.00000000
432.00000000 749.07073975 0.01953312 0.00000000 0.00000000 0.00000000
433.00000000 765.05633545 0.01992897 0.00000000 0.00000000 0.00000000
434.00000000 779.83337402 0.01919873 0.00000000 0.00000000 0.00000000
435.00000000 796.91766357 0.01678864 0.00000000 0.00000000 0.00000000
436.00000000 814.16668701 0.01372451 0.00000000 0.00000000 0.00000000
437.00000000 830.97631836 0.01213432 0.00000000 0.00000000 0.00000000
438.00000000 852.29046631 0.01133650 0.00000000 0.00000000 0.00000000
439.00000000 866.84783936 0.01189053 0.00000000 0.00000000 0.00000000
440.00000000 881.40502930 0.01239262 0.00000000 0.00000000 0.00000000
441.00000000 896.29205322 0.01196310 0.00000000 0.00000000 0.00000000
442.00000000 911.17895508 0.01371850 0.00000000 0.00000000 0.00000000
443.00000000 926.61529541 0.01270237 0.00000000 0.00000000 0.00000000
444.00000000 941.99652100 0.01319474 0.00000000 0.00000000 0.00000000
445.00000000 959.52026367 0.01146452 0.00000000 0.00000000 0.00000000
446.00000000 979.57086182 0.01228681 0.00000000 0.00000000 0.00000000
447.00000000 994.12823486 0.01186446 0.00000000 0.00000000 0.00000000
448.00000000 1021.26525879 0.01456724 0.00000000 0.00000000 0.00000000
449.00000000 1035.54797363 0.01584076 0.00000000 0.00000000 0.00000000
450.00000000 1049.83068848 0.01568578 0.00000000 0.00000000 0.00000000
451.00000000 1067.51928711 0.01625318 0.00000000 0.00000000 0.00000000
452.00000000 1082.73571777 0.01792000 0.00000000 0.00000000 0.00000000
453.00000000 1098.94104004 0.01952117 0.00000000 0.00000000 0.00000000
454.00000000 1113.22375488 0.01771528 0.00000000 0.00000000 0.00000000
455.00000000 1127.72595215 0.01702748 0.00000000 0.00000000 0.00000000
456.00000000 1153.65454102 0.01647538 0.00000000 0.00000000 0.00000000
457.00000000 1168.54150391 0.01668370 0.00000000 0.00000000 0.00000000
458.00000000 1182.76916504 0.01324994 0.00000000 0.00000000 0.00000000
459.00000000 1197.43652344 0.01476926 0.00000000 0.00000000 0.00000000
460.00000000 1212.76281738 0.01445404 0.00000000 0.00000000 0.00000000
461.00000000 1229.18786621 0.01431765 0.00000000 0.00000000 0.00000000
462.00000000 1243.85510254 0.01127227 0.00000000 0.00000000 0.00000000
463.00000000 1260.44494629 0.01086747 0.00000000 0.00000000 0.00000000
464.00000000 1275.33190918 0.01071943 0.00000000 0.00000000 0.00000000
465.00000000 1291.04284668 0.01097607 0.00000000 0.00000000 0.00000000
466.00000000 1305.92968750 0.01195733 0.00000000 0.00000000 0.00000000
467.00000000 1322.95898438 0.01272169 0.00000000 0.00000000 0.00000000
468.00000000 1338.34045410 0.01288014 0.00000000 0.00000000 0.00000000
469.00000000 1356.52331543 0.01419620 0.00000000 0.00000000 0.00000000
470.00000000 1375.20068359 0.01426860 0.00000000 0.00000000 0.00000000
471.00000000 1390.03259277 0.01736266 0.00000000 0.00000000 0.00000000
472.00000000 1405.46887207 0.01560487 0.00000000 0.00000000 0.00000000
473.00000000 1421.83898926 0.01722759 0.00000000 0.00000000 0.00000000
474.00000000 1436.94580078 0.01822807 0.00000000 0.00000000 0.00000000
475.00000000 1453.20581055 0.01733296 0.00000000 0.00000000 0.00000000
476.00000000 1468.47741699 0.01846497 0.00000000 0.00000000 0.00000000
477.00000000 1484.68286133 0.02016423 0.00000000 0.00000000 0.00000000
478.00000000 1500.50354004 0.02024375 0.00000000 0.00000000 0.00000000
479.00000000 1515.88488770 0.02071985 0.00000000 0.00000000 0.00000000
480.00000000 1533.02416992 0.02135156 0.00000000 0.00000000 0.00000000
481.00000000 1548.68005371 0.02161464 0.00000000 0.00000000 0.00000000
482.00000000 1564.17126465 0.02051367 0.00000000 0.00000000 0.00000000
483.00000000 1580.04699707 0.02082310 0.00000000 0.00000000 0.00000000
484.00000000 1595.64794922 0.02269521 0.00000000 0.00000000 0.00000000
485.00000000 1611.46887207 0.02040375 0.00000000 0.00000000 0.00000000
486.00000000 1627.12487793 0.02057231 0.00000000 0.00000000 0.00000000
487.00000000 1643.54980469 0.02194316 0.00000000 0.00000000 0.00000000
488.00000000 1659.37072754 0.02310296 0.00000000 0.00000000 0.00000000
489.00000000 1675.57604980 0.02187273 0.00000000 0.00000000 0.00000000
490.00000000 1692.05590820 0.02161557 0.00000000 0.00000000 0.00000000
491.00000000 1713.69970703 0.02155839 0.00000000 0.00000000 0.00000000
492.00000000 1729.41064453 0.02195939 0.00000000 0.00000000 0.00000000
493.00000000 1746.27502441 0.02331643 0.00000000 0.00000000 0.00000000
494.00000000 1762.37048340 0.02275484 0.00000000 0.00000000 0.00000000
495.00000000 1778.02673340 0.02258715 0.00000000 0.00000000 0.00000000
496.00000000 1799.56054688 0.02351084 0.00000000 0.00000000 0.00000000
497.00000000 1784.39892578 0.02425824 0.00000000 0.00000000 0.00000000
498.00000000 1768.68811035 0.02504169 0.00000000 0.00000000 0.00000000
499.00000000 1753.30676270 0.02261411 0.00000000 0.00000000 0.00000000
500.00000000 1737.10119629 0.02305885 0.00000000 0.00000000 0.00000000
500.00000000 1719.74255371 0.02318932 0.00000000 0.00000000 0.00000000
500.00000000 1704.36108398 0.02368924 0.00000000 0.00000000 0.00000000
500.00000000 1689.74877930 0.02496158 0.00000000 0.00000000 0.00000000
500.00000000 1670.68701172 0.02533741 0.00000000 0.00000000 0.00000000
500.00000000 1657.50292969 0.02592519 0.00000000 0.00000000 0.00000000
500.00000000 1644.64855957 0.02759901 0.00000000 0.00000000 0.00000000
500.00000000 1632.67297363 0.02612955 0.00000000 0.00000000 0.00000000
500.00000000 1616.68737793 0.02492363 0.00000000 0.00000000 0.00000000
500.00000000 1606.85437012 0.02390100 0.00000000 0.00000000 0.00000000
500.00000000 1595.97766113 0.02367683 0.00000000 0.00000000 0.00000000
500.00000000 1586.96850586 0.02306291 0.00000000 0.00000000 0.00000000
500.00000000 1577.84973145 0.02098063 0.00000000 0.00000000 0.00000000
500.00000000 1568.62097168 0.01997744 0.00000000 0.00000000 0.00000000
500.00000000 1561.20483398 0.01998919 0.00000000 0.00000000 0.00000000
500.00000000 1553.12976074 0.02007636 0.00000000 0.00000000 0.00000000
500.00000000 1546.64746094 0.01904981 0.00000000 0.00000000 0.00000000
500.00000000 1540.11047363 0.01805262 0.00000000 0.00000000 0.00000000
500.00000000 1534.39746094 0.01579085 0.00000000 0.00000000 0.00000000
500.00000000 1528.62939453 0.01431304 0.00000000 0.00000000 0.00000000
500.00000000 1523.02612305 0.01361265 0.00000000 0.00000000 0.00000000
500.00000000 1517.42309570 0.01227363 0.00000000 0.00000000 0.00000000
500.00000000 1512.91845703 0.01123133 0.00000000 0.00000000 0.00000000
500.00000000 1508.13928223 0.01096862 0.00000000 0.00000000 0.00000000
500.00000000 1504.01928711 0.01080372 0.00000000 0.00000000 0.00000000
500.00000000 1500.17395020 0.00982270 0.00000000 0.00000000 0.00000000
500.00000000 1496.27380371 0.00926681 0.00000000 0.00000000 0.00000000
500.00000000 1492.53820801 0.00917750 0.00000000 0.00000000 0.00000000
500.00000000 1489.07751465 0.00924468 0.00000000 0.00000000 0.00000000
500.00000000 1486.11096191 0.00880426 0.00000000 0.00000000 0.00000000
500.00000000 1483.19958496 0.00798634 0.00000000 0.00000000 0.00000000
500.00000000 1480.23315430 0.00763559 0.00000000 0.00000000 0.00000000
500.00000000 1477.65112305 0.00737715 0.00000000 0.00000000 0.00000000
500.00000000 1474.41027832 0.00755146 0.00000000 0.00000000 0.00000000
500.00000000 1472.21301270 0.00741719 0.00000000 0.00000000 0.00000000
500.00000000 1469.79577637 0.00716389 0.00000000 0.00000000 0.00000000
500.00000000 1467.92822266 0.00731319 0.00000000 0.00000000 0.00000000
500.00000000 1465.23632812 0.00677929 0.00000000 0.00000000 0.00000000
500.00000000 1463.53332520 0.00646918 0.00000000 0.00000000 0.00000000
500.00000000 1461.83044434 0.00635331 0.00000000 0.00000000 0.00000000
500.00000000 1459.74304199 0.00624619 0.00000000 0.00000000 0.00000000
500.00000000 1458.09509277 0.00662690 0.00000000 0.00000000 0.00000000
500.00000000 1456.77661133 0.00629409 0.00000000 0.00000000 0.00000000
500.00000000 1455.07360840 0.00587621 0.00000000 0.00000000 0.00000000
500.00000000 1453.37060547 0.00566184 0.00000000 0.00000000 0.00000000
500.00000000 1452.27209473 0.00550972 0.00000000 0.00000000 0.00000000
500.00000000 1451.11853027 0.00545485 0.00000000 0.00000000 0.00000000
500.00000000 1450.12963867 0.00550718 0.00000000 0.00000000 0.00000000
500.00000000 1449.19592285 0.00527694 0.00000000 0.00000000 0.00000000
500.00000000 1448.37182617 0.00500191 0.00000000 0.00000000 0.00000000
500.00000000 1447.49291992 0.00444744 0.00000000 0.00000000 0.00000000
500.00000000 1446.66882324 0.00399366 0.00000000 0.00000000 0.00000000
500.00000000 1445.89978027 0.00375490 0.00000000 0.00000000 0.00000000
500.00000000 1445.29565430 0.00383943 0.00000000 0.00000000 0.00000000
500.00000000 1444.36169434 0.00384554 0.00000000 0.00000000 0.00000000
500.00000000 1443.70251465 0.00381457 0.00000000 0.00000000 0.00000000
500.00000000 1443.15307617 0.00348439 0.00000000 0.00000000 0.00000000
500.00000000 1442.71362305 0.00363532 0.00000000 0.00000000 0.00000000
500.00000000 1442.16430664 0.00418892 0.00000000 0.00000000 0.00000000
500.00000000 1441.77978516 0.00434710 0.00000000 0.00000000 0.00000000
500.00000000 1441.28540039 0.00448195 0.00000000 0.00000000 0.00000000
500.00000000 1440.90087891 0.00424390 0.00000000 0.00000000 0.00000000
500.00000000 1440.51635742 0.00401633 0.00000000 0.00000000 0.00000000
500.00000000 1440.13183594 0.00366571 0.00000000 0.00000000 0.00000000
500.00000000 1439.80224609 0.00325491 0.00000000 0.00000000 0.00000000
500.00000000 1439.47265625 0.00326754 0.00000000 0.00000000 0.00000000
500.00000000 1439.08813477 0.00331400 0.00000000 0.00000000 0.00000000
500.00000000 1438.75854492 0.00319150 0.00000000 0.00000000 0.00000000
500.00000000 1438.48388672 0.00307672 0.00000000 0.00000000 0.00000000
500.00000000 1438.20922852 0.00297493 0.00000000 0.00000000 0.00000000
500.00000000 1437.93457031 0.00271022 0.00000000 0.00000000 0.00000000
500.00000000 1437.71484375 0.00266626 0.00000000 0.00000000 0.00000000
500.00000000 1437.49511719 0.00256386 0.00000000 0.00000000 0.00000000
500.00000000 1437.27539062 0.00205844 0.00000000 0.00000000 0.00000000
500.00000000 1437.11059570 0.00161868 0.00000000 0.00000000 0.00000000
500.00000000 1436.89086914 0.00152813 0.00000000 0.00000000 0.00000000
500.00000000 1436.78100586 0.00163024 0.00000000 0.00000000 0.00000000
500.00000000 1436.61621094 0.00167276 0.00000000 0.00000000 0.00000000
500.00000000 1436.45141602 0.00188343 0.00000000 0.00000000 0.00000000
500.00000000 1436.34155273 0.00217453 0.00000000 0.00000000 0.00000000
500.00000000 1436.23168945 0.00248731 0.00000000 0.00000000 0.00000000
500.00000000 1436.12170410 0.00263316 0.00000000 0.00000000 0.00000000
500.00000000 1436.01184082 0.00301979 0.00000000 0.00000000 0.00000000
500.00000000 1435.84692383 0.00325175 0.00000000 0.00000000 0.00000000
500.00000000 1435.79211426 0.00380603 0.00000000 0.00000000 0.00000000
500.00000000 1435.68225098 0.00392938 0.00000000 0.00000000 0.00000000
500.00000000 1435.62731934 0.00389600 0.00000000 0.00000000 0.00000000
500.00000000 1435.57226562 0.00403558 0.00000000 0.00000000 0.00000000
500.00000000 1435.51745605 0.00415879 0.00000000 0.00000000 0.00000000
500.00000000 1435.40759277 0.00433533 0.00000000 0.00000000 0.00000000
500.00000000 1435.35266113 0.00450878 0.00000000 0.00000000 0.00000000
500.00000000 1435.35266113 0.00473672 0.00000000 0.00000000 0.00000000
500.00000000 1435.29772949 0.00483254 0.00000000 0.00000000 0.00000000
500.00000000 1435.24279785 0.00484791 0.00000000 0.00000000 0.00000000
500.00000000 1435.18774414 0.00488962 0.00000000 0.00000000 0.00000000
500.00000000 1435.13293457 0.00490748 0.00000000 0.00000000 0.00000000
500.00000000 1435.07788086 0.00499836 0.00000000 0.00000000 0.00000000
500.00000000 1435.07788086 0.00511988 0.00000000 0.00000000 0.00000000
500.00000000 1435.02307129 0.00499836 0.00000000 0.00000000 0.00000000
500.00000000 1435.02307129 0.00511347 0.00000000 0.00000000 0.00000000
500.00000000 1434.96813965 0.00495868 0.00000000 0.00000000 0.00000000
500.00000000 1434.91320801 0.00497717 0.00000000 0.00000000 0.00000000
500.00000000 1434.91320801 0.00533917 0.00000000 0.00000000 0.00000000
500.00000000 1434.85827637 0.00535543 0.00000000 0.00000000 0.00000000
500.00000000 1434.85827637 0.00538925 0.00000000 0.00000000 0.00000000
500.00000000 1434.85827637 0.00547146 0.00000000 0.00000000 0.00000000
500.00000000 1434.80322266 0.00541275 0.00000000 0.00000000 0.00000000
500.00000000 1434.80322266 0.00557802 0.00000000 0.00000000 0.00000000
500.00000000 1434.80322266 0.00558395 0.00000000 0.00000000 0.00000000
500.00000000 1434.74841309 0.00580872 0.00000000 0.00000000 0.00000000
500.00000000 1434.74841309 0.00593345 0.00000000 0.00000000 0.00000000
500.00000000 1434.69335938 0.00618207 0.00000000 0.00000000 0.00000000
500.00000000 1434.69335938 0.00616264 0.00000000 0.00000000 0.00000000
500.00000000 1434.69335938 0.00625943 0.00000000 0.00000000 0.00000000
500.00000000 1434.69335938 0.00625743 0.00000000 0.00000000 0.00000000
500.00000000 1434.69335938 0.00610496 0.00000000 0.00000000 0.00000000
500.00000000 1434.63854980 0.00603549 0.00000000 0.00000000 0.00000000
500.00000000 1434.63854980 0.00600290 0.00000000 0.00000000 0.00000000
500.00000000 1434.63854980 0.00587622 0.00000000 0.00000000 0.00000000
500.00000000 1434.63854980 0.00583688 0.00000000 0.00000000 0.00000000
500.00000000 1434.63854980 0.00599689 0.00000000 0.00000000 0.00000000
500.00000000 1434.63854980 0.00593265 0.00000000 0.00000000 0.00000000
500.00000000 1434.63854980 0.00582530 0.00000000 0.00000000 0.00000000
500.00000000 1434.63854980 0.00549757 0.00000000 0.00000000 0.00000000
500.00000000 1434.63854980 0.00547074 0.00000000 0.00000000 0.00000000
500.00000000 1434.58361816 0.00555417 0.00000000 0.00000000 0.00000000
500.00000000 1434.58361816 0.00554838 0.00000000 0.00000000 0.00000000
500.00000000 1434.58361816 0.00557078 0.00000000 0.00000000 0.00000000
500.00000000 1434.58361816 0.00549186 0.00000000 0.00000000 0.00000000
